Session 29Bb-3: BCS Gap with Bogoliubov Occupation
mu/lambda_min = 1.2, gate threshold = 0.01
Verdict: PASS


Sector (0,0):
   tau  Delta_bog/lmin  Delta_vac/lmin   Enhancement    B_mean     T_eff
  0.00        0.000000        0.000000          1.16    0.0398       NaN
  0.10        0.000000        0.000000          1.15    0.0395    3.3171
  0.15        0.000000        0.000000          1.09    0.0395    3.3154
  0.20        0.057791        0.045447          1.27    0.0466    3.4783
  0.25        0.000000        0.000000          1.18    0.0466    3.4775
  0.30        0.000000        0.000000          1.11    0.0598    3.7690
  0.35        0.000000        0.000000          1.10    0.0598    3.7708
  0.40        0.000000        0.000000          1.23    0.0781    4.1431
  0.50        0.000002        0.000000        646.69    0.0998    4.5565
  Max Delta_bog/lmin = 0.057791 at tau = 0.20
  PASSES gate: True

Sector (3,0):
   tau  Delta_bog/lmin  Delta_vac/lmin   Enhancement    B_mean     T_eff
  0.00        0.010694        0.010243          1.04    0.0290    3.2520
  0.10        0.020201        0.019521          1.03    0.0182    2.8636
  0.15        0.026747        0.026160          1.02    0.0182    2.8599
  0.20        0.032050        0.031347          1.02    0.0281    3.1936
  0.25        0.051762        0.050920          1.02    0.0281    3.1917
  0.30        0.074931        0.074280          1.01    0.0467    3.7093
  0.35        0.088032        0.087813          1.00    0.0467    3.7106
  0.40        0.091015        0.090310          1.01    0.0673    4.1934
  0.50        0.093458        0.092004          1.02    0.0890    4.6614
  Max Delta_bog/lmin = 0.093458 at tau = 0.50
  PASSES gate: True

Sector (0,3):
   tau  Delta_bog/lmin  Delta_vac/lmin   Enhancement    B_mean     T_eff
  0.00        0.000000        0.000000          0.98    0.0290    3.2520
  0.10        0.020209        0.019521          1.04    0.0182    2.8636
  0.15        0.026747        0.026160          1.02    0.0182    2.8599
  0.20        0.032049        0.031347          1.02    0.0281    3.1936
  0.25        0.051759        0.050920          1.02    0.0281    3.1917
  0.30        0.074953        0.074280          1.01    0.0467    3.7093
  0.35        0.088032        0.087813          1.00    0.0467    3.7106
  0.40        0.091017        0.090310          1.01    0.0673    4.1934
  0.50        0.093555        0.092004          1.02    0.0890    4.6614
  Max Delta_bog/lmin = 0.093555 at tau = 0.50
  PASSES gate: True
