Session 29Bb-5: Full 1-Loop Josephson Coupling
Verdict: PASS
mu/lambda_min = 1.2

   tau       J_max     J/Delta     J_1loop  J_1l/Delta   Delta_BCS   29A_Schur
  0.00    0.027956      2.1630    0.303595     23.4898      0.0129    0.333333
  0.10    0.040835      6.3645    0.151266     23.5763      0.0064    0.333333
  0.15    0.039878      2.3964    0.131527      7.9040      0.0166    0.333333
  0.20    0.043042     16.8818    0.089613     35.1474      0.0025    0.333333
  0.25    0.049834      5.7159    0.099026     11.3583      0.0087    0.333333
  0.30    0.054445      2.0229    0.185240      6.8825      0.0269    0.333333
  0.35    0.057017      1.1653    0.220907      4.5150      0.0489    0.333333
  0.40    0.063335      1.5732    0.130993      3.2537      0.0403    0.333333
  0.50    0.083463      1.8462    0.127443      2.8191      0.0452    0.333333
